756
149
144
304
701
487
815
174
1035
297
761
920
198
187
308
266
304
429
282
225
598
130
413
139
303
396
240
106
883
508
1050
975
369
1095
449
768
429
464
142
184
688
682
535
635
313
329
1022
490
355
327
1092
212
823
430
191
896
637
285
248
367
627
931
838
119
161
345
102
359
181
107
126
227
412
963
588
130
246
361
200
228
638
215
138
337
407
129
630
123
484
416
564
348
388
121
426
439
891
748
431
326
129
192
422
907
103
255
202
128
382
632
151
425
334
213
779
864
566
175
295
178
654
775
626
262
375
243
377
441
555
