148
325
616
469
115
127
326
494
330
108
140
230
686
158
507
941
678
160
417
123
397
677
182
593
630
469
104
100
348
407
342
909
932
804
597
512
177
557
144
184
278
146
972
210
103
358
297
293
333
388
218
434
878
329
118
369
253
229
168
424
563
314
261
983
510
159
343
445
141
473
389
163
392
938
233
425
891
141
794
556
290
121
330
188
427
486
1051
303
506
364
765
360
894
583
106
115
160
752
259
113
259
529
836
127
543
944
237
221
202
781
199
393
167
199
153
205
320
183
203
119
350
157
247
253
706
