260
251
161
452
319
287
418
214
187
207
228
373
249
673
810
1051
175
144
243
405
140
103
518
211
314
202
614
758
304
234
197
740
336
197
115
656
176
221
414
260
105
307
968
367
266
971
231
376
341
170
263
120
140
606
283
332
121
221
318
113
877
680
273
406
176
884
375
737
313
243
549
603
351
273
530
388
189
427
289
196
566
755
279
215
187
127
183
413
102
290
352
168
197
134
187
564
114
197
229
973
229
133
122
315
173
129
463
367
134
778
455
326
265
162
235
492
237
416
813
720
525
568
778
182
183
142
607
255
470
571
183
102
728
103
313
202
360
661
579
