227
482
120
153
279
130
696
183
335
174
183
306
375
150
193
227
155
107
227
491
108
165
119
183
195
731
131
351
183
159
392
373
276
132
541
564
285
106
205
742
396
284
127
150
554
401
816
437
189
159
304
220
239
107
324
418
224
406
706
179
850
316
337
217
248
1014
567
119
288
133
227
731
298
734
398
668
506
339
144
184
405
472
1090
496
487
157
210
325
250
336
119
134
838
229
132
922
490
135
330
305
115
558
120
259
121
484
730
287
487
474
430
1057
154
345
231
180
154
979
783
366
111
802
602
532
146
241
900
211
269
129
532
162
289
170
272
400
118
266
267
225
346
214
238
131
379
146
422
393
